                                                   令和８年熊本地震による人的被害等の状況（７月２９日１４：００時点）
              ①避難状況                                          ②人的被害
                                                                                                    ③停電（戸）       ④断水（戸）       ⑤給水所（か所）    備考
        避難所           避難者          軽症        中等症        重症        心肺停止       死亡        分類未確定
熊本市           182           1938        46          0         3          0        0             0         360         9,000          15
宇土市             9            632         0          0         0          0        0             0        3,030       12,200           3
宇城市             6           2197         0          0         1          0        0             0        7,960       14,000           7
美里町             3             22         0          0         0          0        0             2
荒尾市             0             0          0          0         0          0        0             0
玉名市             5             0          0          0         0          0        0             0
玉東町             1             0          0          0         0          0        0             0
和水町             0             0          0          0         0          0        0             0
南関町             0             0          0          0         0          0        0             0
長洲町             1             3          0          0         0          0        0             0
山鹿市             5             12         0          0         0          0        0             0
菊池市             4             5          0          0         0          0        0             0                                     3
合志市             8             31         0          0         0          0        0             0
大津町             3             31         2          0         0          0        0             0                                     3
菊陽町             7             30         2          0         0          0        0             0                                     2
阿蘇市             0             0          0          0         0          0        0             0
南小国町            0             0          0          0         0          0        0             0
小国町             0             0          0          0         0          0        0             0
産山村             0             0          0          0         0          0        0             0
高森町             0             0          0          0         0          0        0             0
南阿蘇村            4             0          0          0         0          0        0             0
西原村             4             4          0          0         0          0        0             0
御船町             7             75         0          0         0          0        0             0                                     2
嘉島町             3            182         0          0         0          0        0             0         620
益城町             4            526         0          0         1          0        0             0        4,380
甲佐町             5             39         0          0         1          0        1             0                      480            3
山都町             4             7          0          0         0          0        0             0
八代市            61           2797         1          0         2          0        8             8       15,070       18,000           5
氷川町             9            209        不明          0        不明          5        0             3        3,460       10,500           2
水俣市            14             49         0          0         0          0        0             0
芦北町             6             35         0          0         0          0        0             0                      530            1
津奈木町            2             1          0          0         0          0        0             0
人吉市             8             6          0          0         0          0        0             1                                     3
 錦町             1             0          0          0         0          0        0             0
あさぎり町           5             2          0          0         0          0        0             0
多良木町            1             0          0          0         0          0        0             0
湯前町             1             0          0          0         0          0        0             0
水上村             0             0          0          0         0          0        0             0
相良村             0             0          0          0         0          0        0             0
五木村             0             0          0          0         0          0        0             0
山江村             0             0          0          0         0          0        0             0
球磨村             0             0          0          0         0          0        0             0
天草市            47             23         0          0         0          0        0             0                     1,100           3
上天草市           11             30         0          0         0          0        0             0                                     4
苓北町             1             0          0          0         0          0        0             0
身元不明            0             0          1          4                    1        3             1
 合計           432           8886        52          4         8          6        12           15       34,880       65,810          56        0
