令和８年熊本地震による人的被害等の状況（８月８日１４：００時点）                              ※着色箇所は前回（第17回災害対策本部会議資料）から変更があった箇所を示す
                   ①避難状況                                             ②人的被害                                                                  ③住家被害                                           ④断水           ⑤給水所
              避難所         避難者          軽症         中等症           重症         心肺停止        死亡         分類未確定         全壊         大規模半壊       半壊           一部破損         分類未確定         計             （戸）          （箇所数）
   熊本市               37         395         11          58            3           0          0            3           0            0           0         1,450         4,232        5,682             0            0
   宇土市                8         179          0           0            0           0          0          11            1            0           0          661          1,841        2,503             0            4
   宇城市               11        2,972         0           0            0           0          3            0          200           0         800         3,600            0         4,600         8,450            6
   美里町                4          23          8           0            7           0          0            0           15         20           30          639            14          718              0            0
   荒尾市                0           0          0           0            0           0          0            0           0            0           0            0             0            0              0            0
   玉名市                0           0          1           0            1           0          0            0           0            0           0            0             0            0              0            0
   玉東町                0           0          0           0            0           0          0            0           0            0           0            0             0            0              0            0
   南関町                0           0          0           0            0           0          0            0           0            0           0            0             0            0              0            0
   長洲町                0           0          0           0            0           0          0            0           0            0           0            0             0            0              0            0
   和水町                0           0          0           0            0           0          0            0           0            0           0            0             0            0              0            0
   山鹿市                0           0          0           0            0           0          0            0           0            0           0            0             0            0              0            0
   菊池市                0           0          0           0            0           0          0            0           0            0           0            0             0            0              0            0
   合志市                0           0          1           0            0           0          0            0           0            0           0            0             0            0              0            0
    大津町               0           0          2           1            0           0          0            0           0            0           0            0             0            0              0            0
    菊陽町               0           0          2           0            0           0          0            0           0            0           0            0             0            0              0            0
    阿蘇市               0           0          0           0            0           0          0            0           0            0           0            0             0            0              0            0
   南小国町               0           0          0           0            0           0          0            0           0            0           0            0             0            0              0            0
    小国町               0           0          0           0            0           0          0            0           0            0           0            0             0            0              0            0
    産山村               0           0          0           0            0           0          0            0           0            0           0            0             0            0              0            0
    高森町               0           0          0           0            0           0          0            0           0            0           0            0             0            0              0            0
    西原村               0           0          0           0            0           0          0            0           0            0           0            0             0            0              0            1
   南阿蘇村               0           0          0           0            0           0          0            0           0            0           0            0             0            0              0            0
    御船町               1           6         11           6            4           0          0            0           0            0           0            0            27           27              0            2
    嘉島町               1          24         11           0            4           0          7            1           0            0           0            0           208          208              0            0
    益城町               1          23          0           0            1           0          0            0           0            0           0            0             0            0              0            0
   甲佐町                4           10         0           0            1           0          1           0             0           0           0            0            759          759             0            2
   山都町                0            0         0           0            1           0          0           0             0           0           0            5             26           31             0            0
   八代市               40        2,436         0           0            0           0         20           0           320           0           0            0          2,180        2,500        23,460           29
   氷川町                4          279         0           0            0           0          5          14           163           0         195          903              0        1,261         2,870            2
   水俣市                0            0         0           0            1           0          0           0             0           0           0            3              1            4             0            0
   芦北町                3            3         3           0            0           0          0           0             0           0           0            0            401          401             0            2
   津奈木町               0           0          0           0            0           0          0            0           0            0           0            1             1            2              0            0
    人吉市               0           0          1           0            0           0          0            1           0            0           0           14             0           14              0            0
     錦町               0           0          0           0            0           0          0            0           0            0           0            0             0            0              0            0
   多良木町               0           0          0           0            0           0          0            0           0            0           0            0             0            0              0            0
    湯前町               0           0          0           0            0           0          0            0           0            0           0            0             0            0              0            0
    水上村               0           0          0           0            0           0          0            0           0            0           0            0             0            0              0            0
   相良村                0           0          0           0            0           0          0            0           0            0           0            0             0            0              0            0
   五木村                0           0          0           0            0           0          0            0           0            0           0            0             0            0              0            0
   山江村                0           0          0           0            0           0          0            0           0            0           0            0             0            0              0            0
   球磨村                0           0          0           0            0           0          0            0           0            0           0            2             0            2              0            0
   あさぎり町              0           0          0           0            0           0          0            0           0            0           0            1             0            1              0            0
   上天草市               4           5          0           0            0           0          0            0           0            0           0           78             0           78              0            1
    天草市               0           0          0           0            0           0          0            0           0            0           0            0             0            0              0            0
    苓北町               0           0          0           0            0           0          0            0           0            0           0            0             0            0              0            0
災害と関連する可能性が
               ―           ―           ―           ―             ―           ―               1      ―            ―           ―         ―             ―             ―           ―             ―             ―
   ある死亡（※）
災害との関連調査中      ―           ―                  0           0            0           0          2           0      ―           ―         ―             ―             ―           ―             ―             ―
    合計              118        6,355        51          65           23           0         39          30           699         20         1,025        7,357         9,690       18,791        34,780           49

   該当市町村数         12      12       10                    3            9           0          5            5          5       1        3      12                           11           17             3            9
（※）災害による負傷の悪化又は身体的負担による疾病により死亡した可能性のある死亡                                                                      ※住家被害数は推計値を含むものであり、今後修正が入る可能性があります。
住家被害認定調査関係（８月８日 １４：００時点）      ※着色箇所は前回（第17回災害対策本部会議資料）から変更があった箇所を示す

            罹災証明書発行申請      住家被害認定
             受付窓口設置         調査実施
   熊本市        7月30日         7月31日
   宇土市        7月29日         8月3日
   宇城市        7月31日         8月4日
   美里町        7月31日         7月31日
   荒尾市        随時対応          8月20日
   玉名市        7月29日         7月29日
   玉東町         8月3日          8月7日
   南関町        随時対応           8月2日
   長洲町        随時対応          8月10日
   和水町        随時対応          随時対応
   山鹿市        随時対応           8月2日
   菊池市        7月31日          8月4日
   合志市        7月30日         8月12日
   大津町        7月29日        未定（調整中）
   菊陽町        7月30日          8月3日
   阿蘇市        随時対応          随時対応
  南小国町        随時対応          随時対応
   小国町        随時対応          随時対応
   産山村        7月30日         随時対応
   高森町        7月31日         7月31日
   西原村        7月30日          8月6日
  南阿蘇村        随時対応          7月30日
   御船町         8月3日          8月6日
   嘉島町         8月3日         8月10日
   益城町        7月29日          8月3日
   甲佐町        7月30日          8月3日
   山都町        7月29日         7月31日
   八代市         8月3日          8月6日
   氷川町         8月5日          8月6日
   水俣市        7月29日         7月31日
   芦北町        7月31日          8月7日
  津奈木町        7月30日          8月7日
   人吉市        随時対応          7月31日
    錦町        7月29日         7月31日
  多良木町        随時対応           8月3日
   湯前町        随時対応          随時対応
   水上村        随時対応          随時対応
   相良村        随時対応          随時対応
   五木村        7月29日         7月29日
   山江村        7月28日         随時対応
   球磨村        随時対応          7月29日
  あさぎり町       7月29日         7月31日
  上天草市        7月29日         7月29日
   天草市        7月29日          8月4日
   苓北町        7月29日         随時対応
