                                             令和８年熊本地震による人的被害等の状況（７月３１日７：３０時点）
                  ①避難状況                                           ②人的被害
                                                                                                         ③停電（戸）        ④断水（戸）         ⑤給水所（箇所数）
            避難所           避難者           軽傷        中等症        重症        心肺停止       死亡        分類未確定
   熊本市            179             929         8         46          1         0         0            0             0          8,700          17
   宇土市              9             682         0          0          0         0         0            0             0         12,200           5
   宇城市              7           2,917         0          0          0         0         2            0           430         17,800           9
   美里町              4              73         0          2          1         0         0            0             0              0           0
   荒尾市              0               0         0          0          0         0         0            0             0              0           0
   玉名市              5              23         1          0          1         0         0            0             0              0           0
   玉東町              0               0         0          0          0         0         0            0             0              0           0
   和水町              0               0         0          0          0         0         0            0             0              0           0
   南関町              0               0         0          0          0         0         0            0             0              0           0
   長洲町              0               0         0          0          0         0         0            0             0              0           0
   山鹿市              5              11         0          0          0         0         0            0             0              0           0
   菊池市              3              30         0          0          0         0         0            0             0              0           5
   合志市              7              49         1          0          0         0         0            0             0              0           0
   大津町              3              27         2          0          0         0         0            0             0              0           3
   菊陽町              3              28         2          0          0         0         0            0             0              0           3
   阿蘇市              0               0         0          0          0         0         0            0             0              0           0
   南小国町             0               0         0          0          0         0         0            0             0              0           0
   小国町              0               0         0          0          0         0         0            0             0              0           0
   産山村              0               0         0          0          0         0         0            0             0              0           0
   高森町              0               0         0          0          0         0         0            0             0              0           0
   南阿蘇村             4               0         0          0          0         0         0            0             0              0           0
   西原村              1               4         0          0          0         0         0            0             0              0           1
   御船町              6              74         0          0          0         0         0            0             0          2,100           2
   嘉島町              2              80         6          0          0         0         7            0             0              0           0
   益城町              2               2         0          0          1         0         0            0             0              0           5
   甲佐町              5              44         0          0          1         0         1            0             0            400           5
   山都町              1               9         0          0          1         0         0            0             0              0           0
   八代市             63           3,562         0          0          0         0        20            0         2,460         25,300          14
   氷川町              4             305         0          0          0         0         4           15         1,650          3,200           2
   水俣市             14              75         0          0          0         0         0            0             0              0           0
   芦北町              6              32         0          0          0         0         0            0             0          1,000           1
   津奈木町             1               4         0          0          0         0         0            0             0              0           0
   人吉市              0               0         1          0          0         0         0            1             0              0           7
    錦町              0               0         0          0          0         0         0            0             0              0           0
  あさぎり町             2               0         0          0          0         0         0            0             0              0           0
   多良木町             1               0         0          0          0         0         0            0             0              0           0
   湯前町              0               0         0          0          0         0         0            0             0              0           0
   水上村              0               0         0          0          0         0         0            0             0              0           0
   相良村              0               0         0          0          0         0         0            0             0              0           0
   五木村              0               0         0          0          0         0         0            0             0              0           0
   山江村              0               0         0          0          0         0         0            0             0              0           0
   球磨村              0               0         0          0          0         0         0            0             0              0           0
   天草市             48              68         0          0          0         0         0            0             0          1,100           3
   上天草市             4              77         0          0          0         0         0            0             0          7,300           6
   苓北町              1               0         0          0          0         0         0            0             0              0           0
災害との関連調査中    ―             ―                  0          0          0         0         1            0     ―             ―               ―
    合計            390           9,105        21         48          6         0        35           16         4,540         79,100          88

 該当市町村数            27             23          7          2         6          0         5            2            3             10           16
