令和８年熊本地震による人的被害等の状況（８月４日１４：００時点）                            ※着色箇所は前回（第13回災害対策本部会議資料）から変更があった箇所を示す
                   ①避難状況                                           ②人的被害                                                                  ③住家被害                                           ④断水           ⑤給水所
              避難所         避難者          軽症        中等症          重症         心肺停止       死亡        分類未確定          全壊         大規模半壊        半壊           一部破損         分類未確定         計             （戸）          （箇所数）
    熊本市              52          576        11         48            2          0         0            0            0            0           0           698       2,607          3,305             0            3
    宇土市               8          203         0          0            0          0         0            6            1            0           0           304         892          1,197             0            6
    宇城市              11        3,232         0          0            0          0         3            0          200            0         800         3,600           0          4,600        15,580           10
    美里町               4           24         7          0            6          0         0            0           15           20          30           323          26            414             0            0
    荒尾市               0            0         0          0            0          0         0            0            0            0           0             0           0              0             0            0
    玉名市               0            0         1          0            1          0         0            0            0            0           0             0           0              0             0            0
    玉東町               0            0         0          0            0          0         0            0            0            0           0             0           0              0             0            0
    南関町               0            0         0          0            0          0         0            0            0            0           0             0           0              0             0            0
    長洲町               0            0         0          0            0          0         0            0            0            0           0             0           0              0             0            0
    和水町               0            0         0          0            0          0         0            0            0            0           0             0           0              0             0            0
    山鹿市               0            0         0          0            0          0         0            0            0            0           0             0           0              0             0            0
    菊池市               3            0         0          0            0          0         0            0            0            0           0             0           0              0             0            0
    合志市               0            0         1          0            0          0         0            0            0            0           0             0           0              0             0            0
    大津町               3            1         2          1            0          0         0            0            0            0           0             0           0              0             0            0
    菊陽町               0            0         2          0            0          0         0            0            0            0           0             0           0              0             0            0
    阿蘇市               0            0         0          0            0          0         0            0            0            0           0             0           0              0             0            0
   南小国町               0            0         0          0            0          0         0            0            0            0           0             0           0              0             0            0
    小国町               0            0         0          0            0          0         0            0            0            0           0             0           0              0             0            0
    産山村               0            0         0          0            0          0         0            0            0            0           0             0           0              0             0            0
    高森町               0            0         0          0            0          0         0            0            0            0           0             0           0              0             0            0
    西原村               0            0         0          0            0          0         0            0            0            0           0             0           0              0             0            1
   南阿蘇村               0            0         0          0            0          0         0            0            0            0           0             0           0              0             0            0
    御船町               1           14         2          1            3          0         0            0            0            0           0             0          27             27             0            5
    嘉島町               2           30         8          0            2          0         7            0            0            0           0             0           2              2             0            0
    益城町               1           10         0          0            1          0         0            0            0            0           0             0           0              0             0            2
    甲佐町               5           10         0          0            1          0         1            0            0            0           0             0           0              0           300            5
    山都町               0            0         0          0            1          0         0            0            0            0           0             0           0              0             0            0
    八代市              42        3,209         0          0            0          0        20            0          320            0           0             0       2,180          2,500        25,300           29
    氷川町               4          321         0          0            0          0         5           14          163            0         195           903           0          1,261         3,200            2
    水俣市               0            0         0          0            0          0         0            0            0            0           0             3           1              4             0            0
    芦北町               6            7         0          0            0          0         0            0            0            0           0             0           1              1             0            4
   津奈木町               0            0         0          0            0          0         0            0            0            0           0             1           1              2             0            0
    人吉市               0            0         1          0            0          0         0            1            0            0           0             3           0              3             0            0
     錦町               0            0         0          0            0          0         0            0            0            0           0             0           0              0             0            0
   多良木町               0            0         0          0            0          0         0            0            0            0           0             0           0              0             0            0
    湯前町               0            0         0          0            0          0         0            0            0            0           0             0           0              0             0            0
    水上村               0            0         0          0            0          0         0            0            0            0           0             0           0              0             0            0
    相良村               0            0         0          0            0          0         0            0            0            0           0             0           0              0             0            0
    五木村               0            0         0          0            0          0         0            0            0            0           0             0           0              0             0            0
    山江村               0            0         0          0            0          0         0            0            0            0           0             0           0              0             0            0
    球磨村               0            0         0          0            0          0         0            0            0            0           0             0           0              0             0            0
   あさぎり町              0            0         0          0            0          0         0            0            0            0           0             0           0              0             0            0
   上天草市               4            9         0          0            0          0         0            0            0            0           0            77           0             77             0            1
    天草市               0            0         0          0            0          0         0            0            0            0           0             0           0              0             0            0
    苓北町               0            0         0          0            0          0         0            0            0            0           0             0           0              0             0            0
災害と関連する可能性が
               ―           ―           ―          ―            ―           ―              1     ―             ―           ―          ―             ―             ―           ―             ―             ―
   ある死亡（※）
災害との関連調査中      ―           ―                 0          0            0          0         1            0      ―           ―          ―             ―             ―           ―             ―             ―
    合計              146        7,646        35         50           17          0        38           21          699           20        1,025        5,912         5,737       13,393        44,380           68

   該当市町村数         14      13       9                    3            8          0         5            3          5       1        3       9                            9           13             4            11
（※）災害による負傷の悪化又は身体的負担による疾病により死亡した可能性のある死亡                                                                   ※住家被害数は推計値を含むものであり、今後修正が入る可能性があります。
住家被害認定調査関係（８月４日 １４：００時点）      ※着色箇所は前回（第13回災害対策本部会議資料）から変更があった箇所を示す

            罹災証明書発行申請      住家被害認定
             受付窓口設置         調査実施
   熊本市        7月30日         7月31日
   宇土市        7月29日         7月30日
   宇城市        7月31日          8月3日
   美里町        7月31日         7月31日
   荒尾市        随時対応          随時対応
   玉名市        7月29日         7月29日
   玉東町         8月3日        未定（調整中）
   南関町        随時対応          随時対応
   長洲町        随時対応          随時対応
   和水町        随時対応          随時対応
   山鹿市        随時対応          随時対応
   菊池市        7月31日         8月10日
   合志市        7月30日        未定（調整中）
   大津町        7月29日        未定（調整中）
   菊陽町        7月30日          8月3日
   阿蘇市        随時対応          随時対応
  南小国町        随時対応          随時対応
   小国町        随時対応          随時対応
   産山村        7月30日         随時対応
   高森町        7月31日         7月31日
   西原村        7月30日        未定（調整中）
  南阿蘇村        随時対応          随時対応
   御船町         8月3日         8月17日
   嘉島町         8月3日         8月10日
   益城町        7月29日          8月3日
   甲佐町        7月30日          8月3日
   山都町        7月29日         7月31日
   八代市         8月3日          8月7日
   氷川町         8月5日          8月7日
   水俣市        7月29日          8月3日
   芦北町        7月31日          8月7日
  津奈木町        7月30日          8月5日
   人吉市        随時対応          随時対応
    錦町        7月29日         7月31日
  多良木町        随時対応          随時対応
   湯前町        随時対応          随時対応
   水上村        随時対応          随時対応
   相良村        随時対応          随時対応
   五木村        7月29日         7月29日
   山江村        7月28日         随時対応
   球磨村        随時対応          随時対応
  あさぎり町       7月29日         7月31日
  上天草市        7月29日          8月6日
   天草市        7月29日          8月4日
   苓北町        7月29日         随時対応
