令和８年熊本地震による人的被害等の状況（８月１１日１４：００時点）                             ※着色箇所は前回（第20回災害対策本部会議資料）から変更があった箇所を示す
                   ①避難状況                                             ②人的被害                                                                     ③住家被害                                            ④断水           ⑤給水所
              避難所        避難者           軽症         中等症           重症         心肺停止        死亡         分類未確定          全壊           大規模半壊       半壊           一部破損         分類未確定          計             （戸）          （箇所数）
   熊本市              15          281         11          57            3           0          0            3              0            0           0         2,083          5,519        7,602             0            0
   宇土市               8           51          0           0            0           0          0           11              1            0           0         1,082          2,626        3,709             0            1
   宇城市              11          690          4          24            1           0          3            0            200            0         800         3,600             0         4,600         8,190            6
   美里町               3           29          8           0            8           0          0            0             15          20           30          730             14          809              0            0
   荒尾市               0            0          0           0            0           0          0            0              0            0           0            0              0            0              0            0
   玉名市               0            0          1           0            1           0          0            0              0            0           0            0              0            0              0            0
   玉東町               0            0          0           0            0           0          0            0              0            0           0            0              0            0              0            0
   南関町               0            0          0           0            0           0          0            0              0            0           0            0              0            0              0            0
   長洲町               0            0          0           0            0           0          0            0              0            0           0            0              0            0              0            0
   和水町               0            0          0           0            0           0          0            0              0            0           0            0              0            0              0            0
   山鹿市               0            0          0           0            0           0          0            0              0            0           0            0              0            0              0            0
   菊池市               0            0          0           0            0           0          0            0              0            0           0            0              0            0              0            0
   合志市               0            0          1           0            0           0          0            0              0            0           0            0              0            0              0            0
    大津町              0            0          2           1            0           0          0            0              0            0           0            0               0            0             0            0
    菊陽町              0            0          2           0            0           0          0            0              0            0           0            0               0            0             0            0
    阿蘇市              0            0          0           0            0           0          0            0              0            0           0            0               0            0             0            0
   南小国町              0            0          0           0            0           0          0            0              0            0           0            0               0            0             0            0
    小国町              0            0          0           0            0           0          0            0              0            0           0            0               0            0             0            0
    産山村              0            0          0           0            0           0          0            0              0            0           0            0               0            0             0            0
    高森町              0            0          0           0            0           0          0            0              0            0           0            0               0            0             0            0
    西原村              0            0          0           0            0           0          0            0              0            0           0            0               0            0             0            1
   南阿蘇村              0            0          0           0            0           0          0            0              0            0           0            0               0            0             0            0
    御船町              1           13         11           6            4           0          0            0              0            0           0            0           1,139        1,139             0            0
    嘉島町              2           18         12           0            4           0          7            0              0            0           0            0             254          254             0            0
    益城町              1           17          0           7            2           0          0            0              0            0           0            0               0            0             0            0
   甲佐町               4            10         0           0            1           0          1            0              0            0           0            0             837          837             0            0
   山都町               0             0         0           0            1           0          0            0              0            0           0            7              31           38             0            0
   八代市              38         2,315         0           0            0           0         20          147            754            0           0            0           1,746        2,500        22,980           29
   氷川町               4           283         0           0            0           0          5           14            163            0         195          903               0        1,261         2,130            3
   水俣市               0             0         0           0            1           0          0            0              0            0           0            3               1            4             0            0
   芦北町               2             7         3           0            0           0          0            0              0            0           0           97             455          552             0            2
   津奈木町              0            0          0           0            0           0          0            0              0            0           0            1              1            2              0            0
    人吉市              0            0          1           0            0           0          0            1              0            0           0           16              0           16              0            0
     錦町              0            0          0           0            0           0          0            0              0            0           0            0              0            0              0            0
   多良木町              0            0          0           0            0           0          0            0              0            0           0            0              0            0              0            0
    湯前町              0            0          0           0            0           0          0            0              0            0           0            0              0            0              0            0
    水上村              0            0          0           0            0           0          0            0              0            0           0            0              0            0              0            0
   相良村               0            0          0           0            0           0          0            0              0            0           0            0              0            0              0            0
   五木村               0            0          0           0            0           0          0            0              0            0           0            0              0            0              0            0
   山江村               0            0          0           0            0           0          0            0              0            0           0            0              0            0              0            0
   球磨村               0            0          0           0            0           0          0            0              0            0           0            2              0            2              0            0
   あさぎり町             0            0          0           0            0           0          0            0              0            0           0            1              0            1              0            0
   上天草市              0            0          0           0            0           0          0            0              0            0           0           78              0           78              0            1
    天草市              0            0          0           0            0           0          0            0              0            0           0            0              0            0              0            0
    苓北町              0            0          0           0            0           0          0            0              0            0           0            0              0            0              0            0
災害と関連する可能性が
               ―           ―           ―           ―             ―           ―               1      ―             ―             ―         ―             ―             ―            ―             ―             ―
   ある死亡（※）
災害との関連調査中      ―           ―                  0           0            0           0          2            0      ―             ―         ―             ―             ―            ―             ―             ―
    合計              89         3,714        56          95           26           0         39          176           1,133         20         1,025        8,603         12,623       23,404        33,300           43

   該当市町村数         11      11       11                    5            10          0          5            5           5       1        3      13                              11           17             3            7
（※）災害による負傷の悪化又は身体的負担による疾病により死亡した可能性のある死亡                                                                       ※住家被害数は推計値を含むものであり、今後修正が入る可能性があります。
住家被害認定調査関係（８月１1日 １４：００時点）      ※着色箇所は前回（第20回災害対策本部会議資料）から変更があった箇所を示す

            罹災証明書発行申請       住家被害認定
             受付窓口設置          調査実施
   熊本市        7月30日          7月31日
   宇土市        7月29日          8月3日
   宇城市        7月31日          8月4日
   美里町        7月31日          7月31日
   荒尾市        随時対応           8月20日
   玉名市        7月29日          7月29日
   玉東町         8月3日           8月7日
   南関町        随時対応            8月2日
   長洲町        随時対応           8月10日
   和水町        随時対応           随時対応
   山鹿市        随時対応            8月2日
   菊池市        7月31日           8月4日
   合志市        7月30日          8月12日
   大津町        7月29日          8月10日
   菊陽町        7月30日           8月3日
   阿蘇市        随時対応           随時対応
  南小国町        随時対応           随時対応
   小国町        随時対応           随時対応
   産山村        7月30日          随時対応
   高森町        7月31日          7月31日
   西原村        7月30日           8月6日
  南阿蘇村        随時対応           7月30日
   御船町         8月3日           8月6日
   嘉島町         8月3日          8月10日
   益城町        7月29日           8月3日
   甲佐町        7月30日           8月3日
   山都町        7月29日          7月31日
   八代市         8月3日           8月6日
   氷川町         8月5日           8月6日
   水俣市        7月29日          7月31日
   芦北町        7月31日           8月7日
  津奈木町        7月30日           8月7日
   人吉市        随時対応           7月31日
    錦町        7月29日          7月31日
  多良木町        随時対応            8月3日
   湯前町        随時対応           随時対応
   水上村        随時対応           随時対応
   相良村        随時対応           随時対応
   五木村        7月29日          7月29日
   山江村        7月28日          随時対応
   球磨村        随時対応           7月29日
  あさぎり町       7月29日          7月31日
  上天草市        7月29日          7月29日
   天草市        7月29日           8月4日
   苓北町        7月29日          随時対応
