令和８年熊本地震による人的被害等の状況（８月２日 ７：３０時点）
                   ①避難状況                                        ②人的被害                                                         ③住家被害                                   ④停電          ⑤断水        ⑥給水所
              避難所         避難者          軽症        中等症        重症        心肺停止       死亡        分類未確定       全壊         大規模半壊        半壊         一部損壊          分類未確定         （戸）          （戸）        （箇所数）
    熊本市              58         721          8         45         2          0         0         0            0         0             0       307          1,551               0      2,250           12
    宇土市               9         653          0          0         0          0         0         0            1         0             0       118            112               0          0            5
    宇城市              11        3127          0          0         0          0         3         0            1         0             0         1              0             160     15,650           10
    美里町               4          33          5          0         2          0         0         0           15        20            30       270             26               0          0            0
    荒尾市               0           0          0          0         0          0         0         0            0         0             0         0              0               0          0            0
    玉名市               1           6          1          0         1          0         0         0            0         0             0         0              0               0          0            0
    玉東町               0           0          0          0         0          0         0         0            0         0             0         0              0               0          0            0
    南関町               0           0          0          0         0          0         0         0            0         0             0         0              0               0          0            0
    長洲町               0           0          0          0         0          0         0         0            0         0             0         0              0               0          0            0
    和水町               0           0          0          0         0          0         0         0            0         0             0         0              0               0          0            0
    山鹿市               5           6          0          0         0          0         0         0            0         0             0         0              0               0          0            0
    菊池市               3           9          0          0         0          0         0         0            0         0             0         0              0               0          0            2
    合志市               4          24          1          0         0          0         0         0            0         0             0         0              0               0          0            0
    大津町               3           7          2          1         0          0         0         0            0         0             0         0              0               0          0            0
    菊陽町               2           5          2          0         0          0         0         0            0         0             0         0              0               0          0            0
    阿蘇市               0           0          0          0         0          0         0         0            0         0             0         0              0               0          0            0
   南小国町               0           0          0          0         0          0         0         0            0         0             0         0              0               0          0            0
    小国町               0           0          0          0         0          0         0         0            0         0             0         0              0               0          0            0
    産山村               0           0          0          0         0          0         0         0            0         0             0         0              0               0          0            0
    高森町               0           0          0          0         0          0         0         0            0         0             0         0              0               0          0            0
    西原村               0           0          0          0         0          0         0         0            0         0             0         0              0               0          0            1
   南阿蘇村               0           0          0          0         0          0         0         0            0         0             0         0              0               0          0            0
    御船町               5          12          2          1         2          0         0         0            0         0             0         0              0               0          0            5
    嘉島町               2          50          8          0         2          0         7         0            0         0             0         0              2               0          0            0
    益城町               1          47          0          0         1          0         0         0            0         0             0         0              0               0          0            5
    甲佐町               5          40          0          0         1          0         1         0            0         0             0         0              0               0        400            6
    山都町               0           0          0          0         1          0         0         0            0         0             0         0              0               0          0            0
    八代市              45        4044          0          0         0          0        20         0            0         0             0         0             52           1,110     25,300           23
    氷川町               4         335          0          0         0          0         4        15          163         0           195       903              0             320      3,200            2
    水俣市               7          22          0          0         0          0         0         0            1         0             0         3              1               0          0            0
    芦北町               6          25          0          0         0          0         0         0            0         0             0         0              1               0          0            4
   津奈木町               1           2          0          0         0          0         0         0            0         0             0         1              1               0          0            0
    人吉市               0           0          1          0         0          0         0         1            0         0             0         2              0               0          0            0
    錦町                0           0          0          0         0          0         0         0            0         0             0         0              0               0          0            0
   多良木町               0           0          0          0         0          0         0         0            0         0             0         0              0               0          0            0
    湯前町               0           0          0          0         0          0         0         0            0         0             0         0              0               0          0            0
    水上村               0           0          0          0         0          0         0         0            0         0             0         0              0               0          0            0
    相良村               0           0          0          0         0          0         0         0            0         0             0         0              0               0          0            0
    五木村               0           0          0          0         0          0         0         0            0         0             0         0              0               0          0            0
    山江村               0           0          0          0         0          0         0         0            0         0             0         0              0               0          0            0
    球磨村               0           0          0          0         0          0         0         0            0         0             0         0              0               0          0            0
   あさぎり町              0           0          0          0         0          0         0         0            0         0             0         0              0               0          0            0
   上天草市               4          15          0          0         0          0         0         0            0         0             0        74              0               0          0            5
    天草市              29          43          0          0         0          0         0         0            0         0             0         0              0               0          0            0
    苓北町               1           0          0          0         0          0         0         0            0         0             0         0              0               0          0            0
災害と関連する可能性が
   ある死亡（※）
               ―           ―           ―          ―         ―           ―              1    ―          ―           ―            ―           ―             ―            ―            ―          ―
災害との関連調査中      ―           ―                 0          0         0          0         2         0     ―           ―            ―           ―             ―            ―            ―          ―
    合計              210        9,226        30         47        12          0        38        16          181        20           225         1,679         1,746        1,590     46,800           80

  該当市町村数        22     21      9      3                           8          0         5           2          5           1           2            9             8            3           5           12
※災害による負傷の悪化又は身体的負担による疾病により死亡した可能性のある死亡
住家被害認定調査関係（８月２日 ７：３０時点）
           罹災証明書発行申請      住家被害認定
             受付窓口設置        調査実施
   熊本市       7月30日         7月31日
   宇土市       7月29日         7月30日
   宇城市       7月31日           未定
   美里町       7月31日         7月31日
   荒尾市       随時対応          随時対応
   玉名市       7月29日         7月29日
   玉東町        8月3日           未定
   南関町       随時対応          随時対応
   長洲町       随時対応          随時対応
   和水町       随時対応          随時対応
   山鹿市       随時対応          随時対応
   菊池市       7月31日         8月10日
   合志市       7月30日           未定
   大津町       7月29日           未定
   菊陽町       7月30日          8月3日
   阿蘇市       随時対応          随時対応
  南小国町       随時対応          随時対応
   小国町       随時対応          随時対応
   産山村       7月30日           未定
   高森町       7月31日         7月31日
   西原村       7月30日           未定
  南阿蘇村       随時対応          随時対応
   御船町        8月3日         8月中旬
   嘉島町        8月3日           未定
   益城町       7月29日           未定
   甲佐町       7月30日          8月3日
   山都町       7月29日         7月31日
   八代市        8月3日          8月7日
   氷川町        8月5日          8月6日
   水俣市       7月29日          8月3日
   芦北町       7月31日          8月7日
  津奈木町       7月30日          8月5日
   人吉市       随時対応          随時対応
   錦町        7月29日         7月31日
  多良木町       随時対応          随時対応
   湯前町       随時対応          随時対応
   水上村       随時対応          随時対応
   相良村       随時対応          随時対応
   五木村       7月29日         7月29日
   山江村       7月28日           未定
   球磨村       随時対応          随時対応
  あさぎり町      7月29日         7月31日
  上天草市       7月29日           未定
   天草市       7月29日           未定
   苓北町       7月29日           未定
