                                             令和８年熊本地震による人的被害等の状況（７月３０日１４：００時点）
                  ①避難状況                                            ②人的被害
                                                                                                          ③停電（戸）         ④断水（戸）         ⑤給水所（箇所数）
            避難所           避難者           軽傷         中等症        重症        心肺停止       死亡        分類未確定
  熊本市             180           1,014          9         39         1          0         0            0             0           8,700          16
  宇土市               9            607           0         0          0          0         0            0             0          12,200           5
  宇城市               7           2,827          0         0          0          0         2            0          6,300         17,800           9
  美里町               4             73           0         0          0          0         0            3             0              0            0
  荒尾市               0              0           0         0          0          0         0            0             0              0            0
  玉名市               5             28           1         0          1          0         0            0             0              0            0
  玉東町               0              0           0         0          0          0         0            0             0              0            0
  和水町               0              0           0         0          0          0         0            0             0              0            0
  南関町               0              0           0         0          0          0         0            0             0              0            0
  長洲町               0              0           0         0          0          0         0            0             0              0            0
  山鹿市               5              8           0         0          0          0         0            0             0              0            0
  菊池市               3              0           0         0          0          0         0            0             0              0            5
  合志市               8             21           1         0          0          0         0            0             0              0            0
  大津町               3             27           2         0          0          0         0            0             0              0            3
  菊陽町               3             24           2         0          0          0         0            0             0               0           2
  阿蘇市               0              0           0         0          0          0         0            0             0               0           0
  南小国町              0              0           0         0          0          0         0            0             0               0           0
  小国町               0              0           0         0          0          0         0            0             0               0           0
  産山村               0              0           0         0          0          0         0            0             0               0           0
  高森町               0              0           0         0          0          0         0            0             0               0           0
  南阿蘇村              4              0           0         0          0          0         0            0             0               0           0
  西原村               1              3           0         0          0          0         0            0             0               0           1
  御船町               6             75           0         0          0          0         0            0             0           2,700           2
  嘉島町               3            142           6         0          0          0         7            0             0               0           0
  益城町               2             253          0         0          1          0         0            0              0              0           5
  甲佐町               5              23          0         0          1          0         1            0              0            400           3
  山都町               4               8          0         0          1          0         0            0              0              0           0
  八代市              63           3,710          0         0          0          0        11            1          9,090         18,000          12
  氷川町               4             394          0         0          0          0         4           15          3,520         10,500           2
  水俣市              14              49          0         0          0          0         0            0              0              0           0
  芦北町               6              39          0         0          0          0         0            0              0          1,000           1
  津奈木町              2               5          0         0          0          0         0            0              0              0           0
  人吉市               8               6          1         0          0          0         0            1              0              0           4
   錦町               0               0          0         0          0          0         0            0              0              0           0
  あさぎり町             2              2           0         0          0          0         0            0             0               0           0
  多良木町              1              0           0         0          0          0         0            0             0               0           0
   湯前町              0              0           0         0          0          0         0            0             0               0           0
   水上村              0              0           0         0          0          0         0            0             0               0           0
   相良村              0              0           0         0          0          0         0            0             0               0           0
   五木村              0              0           0         0          0          0         0            0             0               0           0
   山江村              0              0           0         0          0          0         0            0             0               0           0
   球磨村              0              0           0         0          0          0         0            0             0               0           0
   天草市             48             39           0         0          0          0         0            0             0           1,100           3
   上天草市             5             73           0          0         0          0         0            0             0           7,300           6
   苓北町              1              0           0          0         0          0         0            0             0               0           0
災害との関連調査中   ―              ―                   0          0         0          0         9            0     ―              ―               ―
    合計            406           9,450         22         39         5          0        34           20         18,910         79,700          79

 該当市町村数            28             24           7         1          5          0         5            4             3             10           16
