                                                          令和８年熊本地震による人的被害等の状況（８月１日 １４：００時点）
                ①避難状況                                       ②人的被害                                                           ③住家被害
                                                                                                                                                                   ④断水           ⑤給水所
            避難所         避難者          軽症        中等症        重症        心肺停止       死亡        分類未確定       全壊         大規模半壊        半壊         一部破損         分類未確定          （戸）          （箇所数）


    熊本市            62          704         8         44         2          0         0        0             0          0            0         267          1,393         3,200           12
    宇土市             9          653         0          0         0          0         0        0             1          0            0         118            110        12,200            5
    宇城市            11        3,152         0          0         0          0         2        0             1          0            0           1              0        17,800           10
    美里町             4           23         5          0         1          0         0        0            15         20           30          50             26             0            0
    荒尾市             0            0         0          0         0          0         0        0             0          0            0           0              0             0            0
    玉名市             1            6         1          0         1          0         0        0             0          0            0           0              0             0            0
    玉東町             0            0         0          0         0          0         0        0             0          0            0           0              0             0            0
    南関町             0            0         0          0         0          0         0        0             0          0            0           0              0             0            0
    長洲町             0            0         0          0         0          0         0        0             0          0            0           0              0             0            0
    和水町             0            0         0          0         0          0         0        0             0          0            0           0              0             0            0
    山鹿市             5            2         0          0         0          0         0        0             0          0            0           0              0             0            0
    菊池市             3            0         0          0         0          0         0        0             0          0            0           0              0             0            2
    合志市             4            8         1          0         0          0         0        0             0          0            0           0              0             0            0
    大津町             3            3         2          1         0          0         0        0             0          0            0           0              0             0            0
    菊陽町             2            2         2          0         0          0         0        0             0          0            0           0              0             0            0
    阿蘇市             0            0         0          0         0          0         0        0             0          0            0           0              0             0            0
   南小国町             0            0         0          0         0          0         0        0             0          0            0           0              0             0            0
    小国町             0            0         0          0         0          0         0        0             0          0            0           0              0             0            0
    産山村             0            0         0          0         0          0         0        0             0          0            0           0              0             0            0
    高森町             0            0         0          0         0          0         0        0             0          0            0           0              0             0            0
    西原村             0            0         0          0         0          0         0        0             0          0            0           0              0             0            1
   南阿蘇村             0            0         0          0         0          0         0        0             0          0            0           0              0             0            0
    御船町             5           18         2          1         2          0         0        0             0          0            0           0              0             0            5
    嘉島町             2           54         8          0         2          0         7        0             0          0            0           0              2             0            0
    益城町             1           21         0          0         1          0         0        0             0          0            0           0              0             0            5
    甲佐町             5           53         0          0         1          0         1        0             0          0            0           0              0           400            6
    山都町             1            3         0          0         1          0         0        0             0          0            0           0              0             0            0
    八代市            47        3,978         0          0         0          0        20        0             0          0            0           0             50        25,300           23
    氷川町             4          288         0          0         0          0         4       15           163          0          195         903              0         3,200            2
    水俣市             7            7         0          0         0          0         0        0             1          0            0           3              1             0            0
    芦北町             6            5         0          0         0          0         0        0             0          0            0           0              1             0            4
   津奈木町             1            2         0          0         0          0         0        0             0          0            0           1              1             0            0
    人吉市             0            0         1          0         0          0         0        1             0          0            0           2              0             0            1
     錦町             0            0         0          0         0          0         0        0             0          0            0           0              0             0            0
   多良木町             0            0         0          0         0          0         0        0             0          0            0           0              0             0            0
    湯前町             0            0         0          0         0          0         0        0             0          0            0           0              0             0            0
    水上村             0            0         0          0         0          0         0        0             0          0            0           0              0             0            0
    相良村             0            0         0          0         0          0         0        0             0          0            0           0              0             0            0
    五木村             0            0         0          0         0          0         0        0             0          0            0           0              0             0            0
    山江村             0            0         0          0         0          0         0        0             0          0            0           0              0             0            0
    球磨村             0            0         0          0         0          0         0        0             0          0            0           0              0             0            0
  あさぎり町             0            0         0          0         0          0         0        0             0          0            0           0              0             0            0
   上天草市             4           73         0          0         0          0         0        0             0          0            0          74              0         7,300            5
    天草市            30           13         0          0         0          0         0        0             0          0            0           0              0             0            0
    苓北町             1            0         0          0         0          0         0        0             0          0            0           0              0             0            0
災害との関連調査中   ―            ―                 0          0         0          0         2        0      ―            ―          ―           ―             ―            ―             ―
     合計           218        9,068        30         46        11          0        36       16           181         20          225        1,419         1,584        69,400           81

 該当市町村数            23          21         9           3         8          0         5           2          5           1           2           9             8             7            13
住家被害認定調査関係（８月１日 １４：００時点）
           罹災証明書発行申請       住家被害認定
             受付窓口設置         調査実施
   熊本市       7月30日          7月31日
   宇土市       7月29日          7月30日
   宇城市       7月31日           未定
   美里町       7月31日          7月31日
   荒尾市       随時対応           随時対応
   玉名市       7月29日          7月29日
   玉東町        8月3日           未定
   南関町       随時対応           随時対応
   長洲町       随時対応           随時対応
   和水町       随時対応           随時対応
   山鹿市       随時対応           随時対応
   菊池市       7月31日          8月10日
   合志市       7月30日           未定
   大津町       7月29日           未定
   菊陽町       7月29日          8月3日
   阿蘇市       随時対応           随時対応
  南小国町       随時対応           随時対応
   小国町       随時対応           随時対応
   産山村       7月30日           未定
   高森町       7月31日          7月31日
   西原村       7月30日           未定
  南阿蘇村       随時対応           随時対応
   御船町        8月3日          8月中旬
   嘉島町        8月3日           未定
   益城町       7月29日           未定
   甲佐町       7月30日          8月3日
   山都町       7月29日          7月31日
   八代市        8月3日          8月7日
   氷川町        8月5日          8月6日
   水俣市       7月29日          8月3日
   芦北町       7月31日          8月7日
  津奈木町       7月30日          8月5日
   人吉市       随時対応           随時対応
   錦町        7月29日          7月31日
  多良木町       随時対応           随時対応
   湯前町       随時対応           随時対応
   水上村       随時対応           随時対応
   相良村       随時対応           随時対応
   五木村       7月29日          7月29日
   山江村       7月28日           未定
   球磨村       随時対応           随時対応
  あさぎり町      7月29日          7月31日
  上天草市       7月29日           未定
   天草市       7月29日           未定
   苓北町       7月29日           未定
