                                             令和８年熊本地震による人的被害等の状況（７月２９日７：３０時点）
              ①避難状況                                         ②人的被害
                                                                                                  ③停電（戸）       ④断水（戸）       備考
        避難所           避難者          軽傷        中等症       重症        心肺停止       死亡       分類未確定
熊本市           182           2062         5         0         0          0        0            0         430
宇土市             8            632         0         0         0          0        0            0        3,030       12,200
宇城市             6           2288         0         0         1          0        0            0        7,770       14,000
美里町            14            158         0         0         0          0        0            2        3,900
荒尾市             1             10         0         0         0          0        0            0
玉名市             5              0         0         0         0          0        0            0
玉東町             1              0         0         0         0          0        0            0
和水町             2              8         0         0         0          0        0            0
南関町             0              0         0         0         0          0        0            0
長洲町             1              0         0         0         0          0        0            0
山鹿市             5             16         0         0         0          0        0            0
菊池市             4             69         0         0         0          0        0            0
合志市             9             89         0         0         0          0        0            0
大津町             3             58         0         0         0          0        0            0                         5
菊陽町             7             76         2         0         0          0        0            0
阿蘇市             4              3         0         0         0          0        0            0
南小国町            1              0         0         0         0          0        0            0
小国町             2              0         0         0         0          0        0            0
産山村             0              0         0         0         0          0        0            0
高森町             0              0         0         0         0          0        0            0
南阿蘇村            4              2         0         0         0          0        0            0
西原村             3             22         0         0         0          0        0            0
御船町             7            108         0         0         0          0        0            0
嘉島町             4            176                                                                        620
益城町             4            526         0         0         0          0        0            0        4,760
甲佐町             5            107         0         0         0          0        1            0         200          480
山都町             4             43         0         0         0          0        0            0
八代市            62           2887        不明         0   不明（２名）           2        0            8       12,470       28,500
氷川町             9            209        不明         0        不明          2        0            3        3,520
水俣市            19             44         0         0         0          0        0            0
芦北町             6             71         0         0         0          0        0            0                      530
津奈木町            2              5         0         0         0          0        0            0
人吉市             8             29         0         0         0          0        0            3
 錦町             1              0         0         0         0          0        0            0
あさぎり町           5              0         0         0         0          0        0            0
多良木町            1              2         0         0         0          0        0            0
湯前町             1              2         0         0         0          0        0            0
水上村             0              0         0         0         0          0        0            0
相良村             0              0         0         0         0          0        0            0
五木村             0              0         0         0         0          0        0            0
山江村             0              0         0         0         0          0        0            0
球磨村             5              2         0         0         0          0        0            0
天草市            48             93         0         0         0          0        0            0                     1,100
上天草市           11             51         0         0         0          0        0            0
苓北町             1             24         0         0         0          0        0            0
身元不明                                     1         4                    1        2
 合計           465           9872         8         4         3          5        3           16       36,700       56,815        0
