                                                         令和８年熊本地震による人的被害等の状況（７月３０日７：３０時点）
              ①避難状況                                           ②人的被害
                                                                                                    ③住家被害（戸）   ④停電（戸）        ⑤断水（戸）       ⑥給水所（か所）    備考
        避難所           避難者           軽傷        中等症        重症        心肺停止       死亡        分類未確定
熊本市           182           1,341         8         36         1          0         0           0                       10        9,000          15
宇土市            9             693          0          0         0          0         0           0                                12,200           4
宇城市            7            2,827         0          0         1          0         0           0                   6,980        17,800           9
美里町            4              73          0          0         0          0         0           2                       10
荒尾市            0               0          0          0         0          0         0           0
玉名市            5              28          1          0         1          0         0           0
玉東町            1              10          0          0         0          0         0           0
和水町            0               0          0          0         0          0         0           0
南関町            0               0          0          0         0          0         0           0
長洲町            0               0          0          0         0          0         0           0
山鹿市            5              12          0          0         0          0         0           0
菊池市            3              38          0          0         0          0         0           0                                                 5
合志市            8              73          0          0         0          0         0           0
大津町            3              27          2          0         0          0         0           0                                                 3
菊陽町            3              56          2          0         0          0         0           0                                                 2
阿蘇市            0               0          0          0         0          0         0           0
南小国町           0               0          0          0         0          0         0           0
小国町            0               0          0          0         0          0         0           0
産山村            0               0          0          0         0          0         0           0
高森町            0               0          0          0         0          0         0           0
南阿蘇村           4               0          0          0         0          0         0           0
西原村            1               5          0          0         0          0         0           0                                                 1
御船町            7              75          0          0         0          0         0           0                                 2,700           2
嘉島町            3             163          0          0         0          0         3           0
益城町            2             744          0          0         1          0         0           0                   1,250                         3
甲佐町            5              51          0          0         1          0         1           0                                  500            3
山都町            4              24          0          0         0          0         0           0
八代市            63           3,742         0          0         0          0        11           0                  11,510        18,000           5
氷川町            4             181          0          0         0          5         0           1                   3,190        10,500           2
水俣市            14             76          0          0         0          0         0           0
芦北町            6              64          0          0         0          0         0           0                                 1,000           1
津奈木町           2               5          0          0         0          0         0           0
人吉市            8               6          0          0         0          0         0           1                                                 4
 錦町            1               0          0          0         0          0         0           0
あさぎり町          5               0          0          0         0          0         0           0
多良木町           1               0          0          0         0          0         0           0
湯前町            1               0          0          0         0          0         0           0
水上村            0               0          0          0         0          0         0           0
相良村            0               0          0          0         0          0         0           0
五木村            0               0          0          0         0          0         0           0
山江村            0               0          0          0         0          0         0           0
球磨村            0               0          0          0         0          0         0           0
天草市            48             74          0          0         0          0         0           0                                 1,100           3
上天草市           5              75          0          0         0          0         0           0                                 2,000           5
苓北町            1               4          0          0         0          0         0           0
身元不明                                      1          4                    1         2
 合計           415       10,467           14         40         5          6        17           4          0       22,950        74,800          67
